0010
0031
0040
0053
0062
0076
0085
0097
0114
0132
0146
0171
0192
0197
0231
0258
0259
0290
0315
0324
0342
0347
0351
0353
0355
0358
0361
0363
0372
0375
0381
0382
0385
0409
0412
0420
0421
0426
0476
0477
0480
0485
0511
0512
0546
0548
0554
0567
0583
0645
0659
0668
0671
0672
0674
0686
0702
0706
0751
0758
0769
0787
0802
0806
0815
0844
0846
0848
0874
0878
0882
0888
0969
0976
1013
1034
1036
1038
1040
1044
1065
1157
1163
1164
1167
1174
1175
1176
1181
1184
1185
1195
1196
1197
1216
1226
1232
1276
1277
1304
1312
1315
1319
1320
1330
1345
1346
1353
1356
1358
1362
1368
1370
1373
1374
1382
1388
1390
1405
1407
1422
1423
1425
1427
1430
1442
1443
1450
1527
1533
1575
1581
1585
1590
1654
1658
1661
1712
1717
1736
1737
1752
1756
1776
1790
1840
1867
1875
1879
1882
1899
1934
1938
1945
1966
1967
1968
1971
2005
2006
2008
2024
2070
2072
2078
2153