0010
0031
0076
0053
0062
0072
0109
0077
0085
0016
0040
0097
0105
0110
0278
0235
0132
0257
0259
0290
0231
0210
0315
0342
0324
0294
0341
0351
0304
0364
0372
0367
0345
0376
0369
0385
0387
0382
0375
0421
0422
0321
0381
0363
0424
0426
0412
0415
0361
0480
0477
0457
0485
0512
0461
0453
0347
0465
0476
0463
0353
0560
0358
0548
0470
0580
0493
0583
0546
0645
0355
0526
0554
0449
0582
0567
0420
0538
0380
0653
0511
0681
0664
0706
0659
0751
0671
0411
0674
0668
0445
0675
0673
0702
0678
0750
0672
0815
0769
0423
0838
0686
0848
0839
0409
0859
0882
0874
0474
0912
0851
0888
0846
0758
0806
0956
0827
0886
0689
0844
1009
0802
0588
0885
1015
1036
0727
1044
0996
1038
0926
1065
1034
1090
1077
0694
0462
1099
1013
1160
1162
1164
1163
1167
1175
1182
1174
1161
1184
1157
1243
1180
1236
1207
1238
1194
1233
1244
1196
1176
1232
1229
1216
1319
1371
1304
1370
1226
1247
1181
1171
1315
1395
1185
1299
1390
1397
1040
1405
1361
1422
1358
1356
1368
1366
1423
1276
1350
1346
1407
1442
1298
1430
1448
1424
0192
0178
1353
1262
0976
1362
0197
1382
0146
1388
1450
0258
1443
1452
1488
1380
1374
1378
1097
0787
1312
1527
1471
0114
1169
1373
0171
1170
1427
1345
1320
1533
1197
1579
0878
0840
1330
1575
0969
1588
1590
1587
1217
1585
0628
1581
1425
1662
1655
1668
1066
1665
1654
1709
1737
1717
1760
1739
1786
1756
1776
1790
1751
1777
1712
1658
1822
1195
1879
1840
1661
1736
1752
1884
1876
1938
1929
1277
1867
1882
1875
1930
1932
1945
1934
1968
1966
1343
1969
2008
1971
2094
1899
2006
2024
2005
1816
2078
2072
2070
2153
2097
2073
1866
1967