0213
0176
0221
0200
0224
0225
0220
0226
0223
0228
0236
0222
0234
0242
0233
0147
0243
0245
0239
0232
0248
0257
0238
0247
0256
0264
0265
0260
0269
0268
0135
0246
0254
0282
0272
0273
0276
0278
0283
0289
0299
0287
0298
0295
0303
0291
0292
0312
0285
0302
0313
0314
0305
0311
0325
0310
0316
0321
0329
0327
0317
0331
0322
0336
0330
0297
0334
0338
0339
0343
0337
0342
0348
0347
0344
0341
0345
0309
0356
0355
0360
0361
0362
0364
0363
0372
0371
0373
0374
0377
0382
0383
0384
0390
0394
0410
0403
0409
0423
0413
0439
0402
0415
0426
0442
0445
0447
0446
0452
0438
0457
0458
0462
0463
0466
0472
0456
0469
0470
0475
0459
0471
0468
0477